0 0.5015625 0.28828125 0.0875 0.05859375
0 0.471875 0.346875 0.0875 0.06015625
0 0.45 0.40625 0.0890625 0.05625
0 0.41640625 0.47109375 0.07890625 0.06328125
0 0.384375 0.528125 0.08203125 0.053125
0 0.35390625 0.58828125 0.090625 0.06171875
0 0.328125 0.65390625 0.08984375 0.05625
0 0.29921875 0.71484375 0.08359375 0.059375
0 0.26640625 0.77421875 0.08515625 0.059375
0 0.23984375 0.8328125 0.08671875 0.05546875
0 0.2140625 0.89921875 0.08359375 0.06171875
0 0.178125 0.9609375 0.09296875 0.06015625