0 0.06015625 0.52890625 0.115625 0.09921875
0 0.1 0.4296875 0.09921875 0.1046875
0 0.15625 0.36953125 0.1125 0.1015625
0 0.171875 0.28046875 0.09765625 0.0640625
0 0.0953125 0.20390625 0.11875 0.08984375
0 0.1953125 0.19375 0.078125 0.090625
0 0.265625 0.14609375 0.09765625 0.11953125
0 0.3375 0.20546875 0.08671875 0.10625
0 0.4296875 0.265625 0.0921875 0.13359375
0 0.5484375 0.3625 0.1125 0.1234375
0 0.65625 0.41640625 0.11953125 0.12421875
0 0.75625 0.47890625 0.0828125 0.12734375
0 0.8515625 0.52578125 0.09453125 0.1390625
0 0.9484375 0.59140625 0.0953125 0.140625