0 0.70390625 0.25625 0.0625 0.0609375
0 0.76484375 0.2046875 0.06171875 0.0546875
0 0.3140625 0.88359375 0.05625 0.0484375
0 0.359375 0.84921875 0.0453125 0.04765625
0 0.41328125 0.8 0.04375 0.04921875
0 0.48515625 0.73203125 0.0578125 0.04765625
0 0.5421875 0.68828125 0.04921875 0.0578125
0 0.59140625 0.63984375 0.04140625 0.0421875
0 0.64296875 0.5921875 0.0453125 0.04921875
0 0.69375 0.54765625 0.04921875 0.05
0 0.74453125 0.50234375 0.04375 0.05234375
0 0.81015625 0.44453125 0.05546875 0.05625
0 0.9171875 0.34453125 0.053125 0.05234375
0 0.97265625 0.29765625 0.05 0.05390625