0 0.059375 0.453125 0.05546875 0.0640625
0 0.12578125 0.4015625 0.06484375 0.06328125
0 0.29609375 0.2453125 0.065625 0.0625
0 0.46640625 0.0984375 0.0578125 0.0640625
0 0.5390625 0.040625 0.06953125 0.07265625
0 0.23984375 0.959375 0.065625 0.06328125
0 0.2953125 0.90234375 0.06328125 0.05703125
0 0.35703125 0.85625 0.05390625 0.05625
0 0.4203125 0.8140625 0.053125 0.06171875
0 0.47109375 0.76328125 0.06015625 0.07578125
0 0.525 0.7109375 0.0609375 0.0734375
0 0.675 0.57421875 0.0640625 0.07109375
0 0.77734375 0.48671875 0.05625 0.0578125
0 0.8375 0.43984375 0.06796875 0.071875