0 0.03671875 0.8875 0.06328125 0.0890625
0 0.0953125 0.81640625 0.0671875 0.08828125
0 0.1734375 0.76171875 0.06640625 0.07109375
0 0.2375 0.696875 0.06640625 0.0859375
0 0.365625 0.57109375 0.0796875 0.08046875
0 0.4359375 0.52578125 0.0640625 0.08515625
0 0.4921875 0.4609375 0.06640625 0.07734375
0 0.5609375 0.39296875 0.0640625 0.0734375
0 0.61640625 0.34453125 0.059375 0.09375
0 0.68125 0.2984375 0.06484375 0.06328125
0 0.8390625 0.12890625 0.0640625 0.065625
0 0.9046875 0.0703125 0.05546875 0.06953125
0 0.9546875 0.02578125 0.05625 0.0515625