0 0.15390625 0.5453125 0.05390625 0.0671875
0 0.23515625 0.453125 0.053125 0.06796875
0 0.32734375 0.4625 0.05390625 0.06484375
0 0.421875 0.46328125 0.06015625 0.0609375
0 0.48359375 0.55859375 0.04921875 0.0734375
0 0.13046875 0.65234375 0.05859375 0.071875
0 0.2171875 0.64921875 0.0546875 0.07734375
0 0.3140625 0.65703125 0.05234375 0.0703125
0 0.496875 0.6515625 0.04609375 0.06171875
0 0.590625 0.66171875 0.04609375 0.0734375
0 0.68203125 0.65859375 0.04921875 0.0609375
0 0.77265625 0.6578125 0.05078125 0.0625