0 0.46171875 0.0984375 0.06484375 0.075
0 0.3828125 0.2296875 0.06015625 0.07890625
0 0.5203125 0.309375 0.06484375 0.08515625
0 0.359375 0.4171875 0.0671875 0.0796875
0 0.42734375 0.453125 0.05390625 0.071875
0 0.5 0.49140625 0.0578125 0.078125
0 0.5609375 0.57734375 0.05390625 0.06640625
0 0.33515625 0.6125 0.0578125 0.08203125
0 0.26484375 0.571875 0.06953125 0.084375
0 0.1046875 0.66796875 0.05 0.08125
0 0.17578125 0.7125 0.0546875 0.075
0 0.24765625 0.7546875 0.053125 0.07109375
0 0.31953125 0.8 0.059375 0.0609375
0 0.16484375 0.88203125 0.06640625 0.07578125
0 0.0953125 0.8484375 0.06875 0.0796875
0 0.034375 0.803125 0.046875 0.09375