0 0.2984375 0.56015625 0.0828125 0.078125
0 0.38359375 0.52265625 0.07421875 0.071875
0 0.46796875 0.690625 0.06875 0.06484375
0 0.36484375 0.72265625 0.0703125 0.06640625
0 0.39296875 0.03203125 0.07265625 0.0640625
0 0.446875 0.1421875 0.08828125 0.08203125
0 0.49609375 0.253125 0.10546875 0.07578125
0 0.546875 0.3546875 0.08984375 0.06875
0 0.6 0.47109375 0.11015625 0.08359375
0 0.64609375 0.58359375 0.08046875 0.07109375
0 0.69375 0.6875 0.09765625 0.06796875
0 0.75546875 0.8015625 0.08671875 0.07734375
0 0.8015625 0.91328125 0.08671875 0.090625