0 0.228125 0.1203125 0.0859375 0.06640625
0 0.3328125 0.0875 0.08046875 0.06875
0 0.4375 0.05859375 0.08359375 0.06796875
0 0.53203125 0.0328125 0.0984375 0.06484375
0 0.3203125 0.3203125 0.08984375 0.0578125
0 0.42578125 0.290625 0.0859375 0.0625
0 0.528125 0.25234375 0.090625 0.07109375
0 0.4421875 0.55390625 0.09375 0.0796875
0 0.54921875 0.7640625 0.0921875 0.0703125
0 0.64609375 0.72578125 0.0859375 0.07578125
0 0.74921875 0.70703125 0.0828125 0.07421875
0 0.77265625 0.9578125 0.0890625 0.0703125
0 0.8765625 0.9296875 0.1015625 0.075