0 0.24296875 0.15625 0.090625 0.09375
0 0.35078125 0.11953125 0.0890625 0.07265625
0 0.46171875 0.09296875 0.0875 0.08046875
0 0.56171875 0.053125 0.08125 0.07265625
0 0.44453125 0.3578125 0.084375 0.071875
0 0.553125 0.3140625 0.07421875 0.075
0 0.66015625 0.26875 0.08046875 0.06875
0 0.4703125 0.67265625 0.07421875 0.06875
0 0.57421875 0.63125 0.0953125 0.0671875
0 0.68515625 0.603125 0.084375 0.071875
0 0.78828125 0.55625 0.0890625 0.0671875
0 0.58984375 0.909375 0.084375 0.08515625
0 0.7890625 0.84375 0.0953125 0.08125
0 0.90390625 0.80625 0.08125 0.08125