0 0.37265625 0.16328125 0.08125 0.0796875
0 0.48515625 0.11328125 0.09765625 0.08828125
0 0.34375 0.44140625 0.08203125 0.08359375
0 0.53671875 0.36328125 0.08359375 0.08125
0 0.6390625 0.31640625 0.0734375 0.07890625
0 0.43046875 0.65859375 0.08125 0.07890625
0 0.62578125 0.57890625 0.08671875 0.07890625
0 0.721875 0.53671875 0.07578125 0.075
0 0.55078125 0.93046875 0.08828125 0.08671875
0 0.64765625 0.89296875 0.084375 0.07421875
0 0.74453125 0.8515625 0.07578125 0.08359375
0 0.83828125 0.82265625 0.07578125 0.06953125