0 0.27578125 0.19921875 0.09921875 0.1359375
0 0.34296875 0.49375 0.0875 0.11953125
0 0.4328125 0.39921875 0.09765625 0.11953125
0 0.52890625 0.3046875 0.0796875 0.1203125
0 0.6296875 0.21640625 0.09921875 0.125
0 0.496875 0.69453125 0.09375 0.11953125
0 0.59453125 0.590625 0.075 0.11484375
0 0.68125 0.51328125 0.0859375 0.0984375
0 0.7859375 0.40390625 0.07734375 0.128125
0 0.65 0.89765625 0.08125 0.12109375
0 0.7484375 0.8015625 0.08125 0.11796875
0 0.8421875 0.70390625 0.08515625 0.13046875
0 0.94296875 0.61484375 0.0828125 0.12421875