0 0.14296875 0.43125 0.096875 0.11171875
0 0.23203125 0.5625 0.11171875 0.11640625
0 0.30390625 0.69296875 0.12578125 0.10546875
0 0.38515625 0.8125 0.1015625 0.10546875
0 0.61796875 0.66171875 0.11328125 0.10625
0 0.5484375 0.5453125 0.10234375 0.11796875
0 0.465625 0.41796875 0.10234375 0.1203125
0 0.38125 0.28359375 0.10703125 0.1046875
0 0.61796875 0.14140625 0.11328125 0.11015625
0 0.68828125 0.27578125 0.10390625 0.1125
0 0.77421875 0.39453125 0.1109375 0.10546875
0 0.85390625 0.51640625 0.109375 0.10078125
0 0.93203125 0.128125 0.10625 0.10078125