0 0.378125 0.28671875 0.04375 0.046875
0 0.421875 0.34609375 0.04921875 0.05
0 0.50546875 0.18671875 0.05234375 0.0453125
0 0.53984375 0.24609375 0.0546875 0.046875
0 0.57890625 0.30390625 0.05078125 0.04765625
0 0.61171875 0.36328125 0.0421875 0.05
0 0.65 0.4234375 0.05078125 0.05
0 0.5296875 0.52265625 0.05 0.05390625
0 0.6875 0.484375 0.05625 0.053125
0 0.565625 0.58203125 0.05078125 0.0484375
0 0.6046875 0.640625 0.05546875 0.0453125
0 0.646875 0.69921875 0.05 0.04921875
0 0.68046875 0.759375 0.0515625 0.04453125