0 0.39296875 0.12578125 0.06875 0.05703125
0 0.3890625 0.34765625 0.065625 0.08984375
0 0.38046875 0.53359375 0.0578125 0.084375
0 0.6203125 0.0390625 0.08046875 0.06484375
0 0.6203125 0.125 0.07578125 0.06796875
0 0.6109375 0.2109375 0.075 0.06015625
0 0.61015625 0.29921875 0.07890625 0.0703125
0 0.60234375 0.51171875 0.075 0.06640625
0 0.5984375 0.59921875 0.0859375 0.06328125
0 0.5953125 0.6875 0.0796875 0.07578125
0 0.59296875 0.78046875 0.06640625 0.07421875
0 0.5875 0.86796875 0.0625 0.06640625
0 0.58671875 0.95390625 0.0734375 0.06796875