0 0.275 0.2578125 0.0828125 0.075
0 0.43125 0.12578125 0.08359375 0.06640625
0 0.3265625 0.33671875 0.071875 0.0625
0 0.53046875 0.27109375 0.08046875 0.0671875
0 0.378125 0.41171875 0.078125 0.07265625
0 0.4234375 0.48984375 0.06640625 0.06875
0 0.5875 0.353125 0.0734375 0.0765625
0 0.640625 0.42265625 0.0734375 0.0796875
0 0.690625 0.51015625 0.0765625 0.07109375
0 0.48046875 0.56640625 0.08046875 0.06640625
0 0.52890625 0.64375 0.078125 0.06875
0 0.5796875 0.7265625 0.07109375 0.07109375
0 0.63125 0.80859375 0.08828125 0.0625
0 0.68515625 0.8890625 0.0859375 0.07109375